    T\Z       3.16228E-01  1.0000E+00  3.0000E+00
              
   1.0000E+01  7.3504E-28  8.7394E-28  1.2816E-27 
   1.0209E+01  7.5586E-28  9.0958E-28  1.3607E-27 
   1.0423E+01  7.7669E-28  9.4705E-28  1.4470E-27 
   1.0641E+01  7.9984E-28  9.8897E-28  1.5438E-27 
   1.0864E+01  8.2345E-28  1.0336E-27  1.6500E-27 
   1.1091E+01  8.4937E-28  1.0831E-27  1.7687E-27 
   1.1324E+01  8.7619E-28  1.1363E-27  1.8994E-27 
   1.1561E+01  9.0544E-28  1.1952E-27  2.0450E-27 
   1.1803E+01  9.3605E-28  1.2589E-27  2.2057E-27 
   1.2050E+01  9.6929E-28  1.3291E-27  2.3843E-27 
   1.2302E+01  1.0044E-27  1.4054E-27  2.5815E-27 
   1.2559E+01  1.0424E-27  1.4894E-27  2.8003E-27 
   1.2822E+01  1.0827E-27  1.5809E-27  3.0416E-27 
   1.3091E+01  1.1264E-27  1.6814E-27  3.3086E-27 
   1.3365E+01  1.1729E-27  1.7909E-27  3.6027E-27 
   1.3645E+01  1.2232E-27  1.9110E-27  3.9273E-27 
   1.3930E+01  1.2771E-27  2.0419E-27  4.2841E-27 
   1.4222E+01  1.3352E-27  2.1852E-27  4.6767E-27 
   1.4520E+01  1.3975E-27  2.3411E-27  5.1073E-27 
   1.4823E+01  1.4646E-27  2.5114E-27  5.5795E-27 
   1.5134E+01  1.5366E-27  2.6965E-27  6.0960E-27 
   1.5451E+01  1.6142E-27  2.8980E-27  6.6606E-27 
   1.5774E+01  1.6974E-27  3.1167E-27  7.2763E-27 
   1.6104E+01  1.7868E-27  3.3541E-27  7.9472E-27 
   1.6441E+01  1.8828E-27  3.6112E-27  8.6765E-27 
   1.6785E+01  1.9857E-27  3.8894E-27  9.4684E-27 
   1.7137E+01  2.0960E-27  4.1900E-27  1.0327E-26 
   1.7496E+01  2.2141E-27  4.5145E-27  1.1255E-26 
   1.7862E+01  2.3405E-27  4.8639E-27  1.2259E-26 
   1.8236E+01  2.4756E-27  5.2400E-27  1.3341E-26 
   1.8617E+01  2.6198E-27  5.6440E-27  1.4506E-26 
   1.9007E+01  2.7737E-27  6.0774E-27  1.5758E-26 
   1.9405E+01  2.9376E-27  6.5416E-27  1.7102E-26 
   1.9811E+01  3.1121E-27  7.0382E-27  1.8542E-26 
   2.0226E+01  3.2977E-27  7.5686E-27  2.0082E-26 
   2.0649E+01  3.4948E-27  8.1342E-27  2.1728E-26 
   2.1082E+01  3.7038E-27  8.7366E-27  2.3483E-26 
   2.1523E+01  3.9253E-27  9.3771E-27  2.5351E-26 
   2.1974E+01  4.1596E-27  1.0057E-26  2.7337E-26 
   2.2433E+01  4.4074E-27  1.0779E-26  2.9445E-26 
   2.2903E+01  4.6689E-27  1.1542E-26  3.1680E-26 
   2.3383E+01  4.9448E-27  1.2350E-26  3.4045E-26 
   2.3872E+01  5.2353E-27  1.3202E-26  3.6544E-26 
   2.4372E+01  5.5409E-27  1.4101E-26  3.9182E-26 
   2.4882E+01  5.8619E-27  1.5048E-26  4.1962E-26 
   2.5403E+01  6.1989E-27  1.6044E-26  4.4887E-26 
   2.5935E+01  6.5522E-27  1.7089E-26  4.7961E-26 
   2.6477E+01  6.9221E-27  1.8186E-26  5.1188E-26 
   2.7032E+01  7.3089E-27  1.9335E-26  5.4570E-26 
   2.7598E+01  7.7130E-27  2.0538E-26  5.8110E-26 
   2.8175E+01  8.1347E-27  2.1794E-26  6.1812E-26 
   2.8765E+01  8.5742E-27  2.3105E-26  6.5676E-26 
   2.9367E+01  9.0318E-27  2.4472E-26  6.9707E-26 
   2.9982E+01  9.5077E-27  2.5895E-26  7.3905E-26 
   3.0610E+01  1.0002E-26  2.7375E-26  7.8273E-26 
   3.1250E+01  1.0515E-26  2.8913E-26  8.2812E-26 
   3.1904E+01  1.1047E-26  3.0509E-26  8.7524E-26 
   3.2572E+01  1.1598E-26  3.2163E-26  9.2409E-26 
   3.3254E+01  1.2169E-26  3.3875E-26  9.7469E-26 
   3.3950E+01  1.2758E-26  3.5647E-26  1.0270E-25 
   3.4661E+01  1.3366E-26  3.7478E-26  1.0812E-25 
   3.5387E+01  1.3994E-26  3.9368E-26  1.1370E-25 
   3.6127E+01  1.4642E-26  4.1317E-26  1.1947E-25 
   3.6884E+01  1.5308E-26  4.3325E-26  1.2541E-25 
   3.7656E+01  1.5994E-26  4.5392E-26  1.3152E-25 
   3.8444E+01  1.6699E-26  4.7518E-26  1.3781E-25 
   3.9249E+01  1.7423E-26  4.9703E-26  1.4427E-25 
   4.0070E+01  1.8166E-26  5.1946E-26  1.5091E-25 
   4.0909E+01  1.8929E-26  5.4247E-26  1.5772E-25 
   4.1765E+01  1.9710E-26  5.6605E-26  1.6470E-25 
   4.2640E+01  2.0509E-26  5.9020E-26  1.7184E-25 
   4.3532E+01  2.1328E-26  6.1492E-26  1.7916E-25 
   4.4444E+01  2.2165E-26  6.4020E-26  1.8664E-25 
   4.5374E+01  2.3020E-26  6.6604E-26  1.9429E-25 
   4.6324E+01  2.3893E-26  6.9242E-26  2.0210E-25 
   4.7294E+01  2.4784E-26  7.1935E-26  2.1007E-25 
   4.8284E+01  2.5693E-26  7.4682E-26  2.1820E-25 
   4.9294E+01  2.6620E-26  7.7482E-26  2.2649E-25 
   5.0326E+01  2.7565E-26  8.0335E-26  2.3494E-25 
   5.1380E+01  2.8526E-26  8.3240E-26  2.4354E-25 
   5.2455E+01  2.9505E-26  8.6198E-26  2.5229E-25 
   5.3553E+01  3.0501E-26  8.9206E-26  2.6119E-25 
   5.4674E+01  3.1514E-26  9.2266E-26  2.7025E-25 
   5.5819E+01  3.2544E-26  9.5376E-26  2.7945E-25 
   5.6987E+01  3.3590E-26  9.8536E-26  2.8881E-25 
   5.8180E+01  3.4654E-26  1.0175E-25  2.9831E-25 
   5.9398E+01  3.5734E-26  1.0501E-25  3.0796E-25 
   6.0641E+01  3.6831E-26  1.0832E-25  3.1775E-25 
   6.1911E+01  3.7944E-26  1.1168E-25  3.2769E-25 
   6.3207E+01  3.9074E-26  1.1509E-25  3.3778E-25 
   6.4530E+01  4.0221E-26  1.1855E-25  3.4801E-25 
   6.5881E+01  4.1385E-26  1.2205E-25  3.5840E-25 
   6.7260E+01  4.2565E-26  1.2561E-25  3.6893E-25 
   6.8668E+01  4.3763E-26  1.2922E-25  3.7960E-25 
   7.0105E+01  4.4978E-26  1.3289E-25  3.9043E-25 
   7.1573E+01  4.6211E-26  1.3660E-25  4.0141E-25 
   7.3071E+01  4.7461E-26  1.4036E-25  4.1255E-25 
   7.4601E+01  4.8729E-26  1.4418E-25  4.2384E-25 
   7.6162E+01  5.0015E-26  1.4805E-25  4.3529E-25 
   7.7757E+01  5.1319E-26  1.5198E-25  4.4690E-25 
   7.9384E+01  5.2568E-26  1.5572E-25  4.5795E-25 
   8.1046E+01  5.3753E-26  1.5926E-25  4.6839E-25 
   8.2743E+01  5.4928E-26  1.6277E-25  4.7871E-25 
   8.4475E+01  5.6133E-26  1.6636E-25  4.8930E-25 
   8.6243E+01  5.7389E-26  1.7011E-25  5.0036E-25 
   8.8049E+01  5.8699E-26  1.7403E-25  5.1193E-25 
   8.9892E+01  6.0061E-26  1.7811E-25  5.2397E-25 
   9.1773E+01  6.1469E-26  1.8233E-25  5.3643E-25 
   9.3695E+01  6.2918E-26  1.8668E-25  5.4926E-25 
   9.5656E+01  6.4401E-26  1.9113E-25  5.6240E-25 
   9.7658E+01  6.5916E-26  1.9567E-25  5.7583E-25 
   9.9703E+01  6.7460E-26  2.0031E-25  5.8951E-25 
   1.0179E+02  6.8471E-26  2.0324E-25  5.9808E-25 
   1.0392E+02  7.0051E-26  2.0798E-25  6.1209E-25 
   1.0610E+02  7.1660E-26  2.1280E-25  6.2632E-25 
   1.0832E+02  7.3294E-26  2.1770E-25  6.4079E-25 
   1.1058E+02  7.4953E-26  2.2267E-25  6.5546E-25 
   1.1290E+02  7.6637E-26  2.2772E-25  6.7037E-25 
   1.1526E+02  7.8347E-26  2.3284E-25  6.8548E-25 
   1.1768E+02  8.0083E-26  2.3804E-25  7.0083E-25 
   1.2014E+02  8.1843E-26  2.4331E-25  7.1639E-25 
   1.2265E+02  8.3631E-26  2.4866E-25  7.3219E-25 
   1.2522E+02  8.5445E-26  2.5409E-25  7.4821E-25 
   1.2784E+02  8.7286E-26  2.5960E-25  7.6447E-25 
   1.3052E+02  8.9154E-26  2.6519E-25  7.8096E-25 
   1.3325E+02  9.1049E-26  2.7085E-25  7.9768E-25 
   1.3604E+02  9.2970E-26  2.7660E-25  8.1464E-25 
   1.3889E+02  9.4919E-26  2.8242E-25  8.3182E-25 
   1.4180E+02  9.6895E-26  2.8833E-25  8.4924E-25 
   1.4476E+02  9.8897E-26  2.9431E-25  8.6689E-25 
   1.4779E+02  1.0093E-25  3.0037E-25  8.8476E-25 
   1.5089E+02  1.0300E-25  3.0654E-25  9.0297E-25 
   1.5405E+02  1.0508E-25  3.1275E-25  9.2129E-25 
   1.5727E+02  1.0718E-25  3.1904E-25  9.3983E-25 
   1.6056E+02  1.0932E-25  3.2541E-25  9.5860E-25 
   1.6392E+02  1.1148E-25  3.3185E-25  9.7758E-25 
   1.6736E+02  1.1367E-25  3.3836E-25  9.9679E-25 
   1.7086E+02  1.1588E-25  3.4495E-25  1.0162E-24 
   1.7444E+02  1.1811E-25  3.5160E-25  1.0358E-24 
   1.7809E+02  1.2037E-25  3.5833E-25  1.0556E-24 
   1.8182E+02  1.2266E-25  3.6512E-25  1.0756E-24 
   1.8562E+02  1.2496E-25  3.7198E-25  1.0958E-24 
   1.8951E+02  1.2729E-25  3.7890E-25  1.1162E-24 
   1.9347E+02  1.2965E-25  3.8588E-25  1.1368E-24 
   1.9752E+02  1.3202E-25  3.9293E-25  1.1575E-24 
   2.0166E+02  1.3442E-25  4.0003E-25  1.1784E-24 
   2.0588E+02  1.3683E-25  4.0719E-25  1.1995E-24 
   2.1019E+02  1.3927E-25  4.1440E-25  1.2207E-24 
   2.1459E+02  1.4172E-25  4.2166E-25  1.2421E-24 
   2.1908E+02  1.4419E-25  4.2898E-25  1.2636E-24 
   2.2367E+02  1.4669E-25  4.3634E-25  1.2852E-24 
   2.2835E+02  1.4919E-25  4.4374E-25  1.3070E-24 
   2.3313E+02  1.5172E-25  4.5119E-25  1.3289E-24 
   2.3801E+02  1.5426E-25  4.5868E-25  1.3509E-24 
   2.4299E+02  1.5682E-25  4.6621E-25  1.3730E-24 
   2.4808E+02  1.5939E-25  4.7377E-25  1.3952E-24 
   2.5327E+02  1.6197E-25  4.8136E-25  1.4174E-24 
   2.5857E+02  1.6457E-25  4.8899E-25  1.4398E-24 
   2.6399E+02  1.6718E-25  4.9664E-25  1.4623E-24 
   2.6951E+02  1.6980E-25  5.0432E-25  1.4848E-24 
   2.7515E+02  1.7243E-25  5.1202E-25  1.5073E-24 
   2.8091E+02  1.7507E-25  5.1974E-25  1.5300E-24 
   2.8679E+02  1.7772E-25  5.2748E-25  1.5526E-24 
   2.9280E+02  1.8039E-25  5.3524E-25  1.5753E-24 
   2.9893E+02  1.8305E-25  5.4301E-25  1.5981E-24 
   3.0519E+02  1.8574E-25  5.5081E-25  1.6209E-24 
   3.1157E+02  1.8842E-25  5.5860E-25  1.6436E-24 
   3.1810E+02  1.9110E-25  5.6639E-25  1.6664E-24 
   3.2475E+02  1.9380E-25  5.7419E-25  1.6892E-24 
   3.3155E+02  1.9650E-25  5.8200E-25  1.7119E-24 
   3.3849E+02  1.9920E-25  5.8980E-25  1.7347E-24 
   3.4558E+02  2.0191E-25  5.9761E-25  1.7575E-24 
   3.5281E+02  2.0462E-25  6.0541E-25  1.7802E-24 
   3.6020E+02  2.0734E-25  6.1321E-25  1.8029E-24 
   3.6774E+02  2.1005E-25  6.2100E-25  1.8256E-24 
   3.7544E+02  2.1277E-25  6.2878E-25  1.8482E-24 
   3.8330E+02  2.1549E-25  6.3655E-25  1.8708E-24 
   3.9132E+02  2.1821E-25  6.4430E-25  1.8933E-24 
   3.9951E+02  2.2093E-25  6.5205E-25  1.9158E-24 
   4.0787E+02  2.2365E-25  6.5977E-25  1.9382E-24 
   4.1641E+02  2.2637E-25  6.6748E-25  1.9605E-24 
   4.2513E+02  2.2909E-25  6.7518E-25  1.9828E-24 
   4.3403E+02  2.3181E-25  6.8285E-25  2.0050E-24 
   4.4311E+02  2.3452E-25  6.9050E-25  2.0272E-24 
   4.5239E+02  2.3724E-25  6.9813E-25  2.0492E-24 
   4.6186E+02  2.3995E-25  7.0573E-25  2.0712E-24 
   4.7153E+02  2.4266E-25  7.1332E-25  2.0930E-24 
   4.8140E+02  2.4537E-25  7.2087E-25  2.1148E-24 
   4.9148E+02  2.4808E-25  7.2840E-25  2.1365E-24 
   5.0176E+02  2.5071E-25  7.3569E-25  2.1574E-24 
   5.1227E+02  2.5321E-25  7.4253E-25  2.1770E-24 
   5.2299E+02  2.5569E-25  7.4930E-25  2.1963E-24 
   5.3394E+02  2.5816E-25  7.5601E-25  2.2155E-24 
   5.4512E+02  2.6062E-25  7.6266E-25  2.2344E-24 
   5.5653E+02  2.6306E-25  7.6925E-25  2.2531E-24 
   5.6818E+02  2.6549E-25  7.7577E-25  2.2717E-24 
   5.8007E+02  2.6791E-25  7.8224E-25  2.2900E-24 
   5.9221E+02  2.7032E-25  7.8865E-25  2.3081E-24 
   6.0461E+02  2.7272E-25  7.9500E-25  2.3261E-24 
   6.1727E+02  2.7510E-25  8.0130E-25  2.3439E-24 
   6.3019E+02  2.7748E-25  8.0756E-25  2.3615E-24 
   6.4338E+02  2.7985E-25  8.1376E-25  2.3789E-24 
   6.5685E+02  2.8221E-25  8.1992E-25  2.3962E-24 
   6.7060E+02  2.8457E-25  8.2603E-25  2.4134E-24 
   6.8464E+02  2.8692E-25  8.3211E-25  2.4304E-24 
   6.9897E+02  2.8926E-25  8.3814E-25  2.4472E-24 
   7.1360E+02  2.9160E-25  8.4415E-25  2.4640E-24 
   7.2854E+02  2.9394E-25  8.5012E-25  2.4806E-24 
   7.4379E+02  2.9628E-25  8.5606E-25  2.4971E-24 
   7.5936E+02  2.9862E-25  8.6197E-25  2.5135E-24 
   7.7526E+02  3.0096E-25  8.6787E-25  2.5298E-24 
   7.9148E+02  3.0330E-25  8.7374E-25  2.5460E-24 
   8.0805E+02  3.0562E-25  8.7953E-25  2.5620E-24 
   8.2497E+02  3.0796E-25  8.8533E-25  2.5779E-24 
   8.4224E+02  3.1030E-25  8.9112E-25  2.5938E-24 
   8.5987E+02  3.1265E-25  8.9691E-25  2.6097E-24 
   8.7787E+02  3.1502E-25  9.0270E-25  2.6255E-24 
   8.9624E+02  3.1739E-25  9.0850E-25  2.6414E-24 
   9.1501E+02  3.1976E-25  9.1428E-25  2.6571E-24 
   9.3416E+02  3.2215E-25  9.2007E-25  2.6729E-24 
   9.5371E+02  3.2455E-25  9.2586E-25  2.6886E-24 
   9.7368E+02  3.2696E-25  9.3166E-25  2.7044E-24 
   9.9406E+02  3.2938E-25  9.3747E-25  2.7201E-24 
   1.0149E+03  3.3214E-25  9.4433E-25  2.7390E-24 
   1.0361E+03  3.3460E-25  9.5017E-25  2.7548E-24 
   1.0578E+03  3.3706E-25  9.5601E-25  2.7705E-24 
   1.0799E+03  3.3954E-25  9.6187E-25  2.7863E-24 
   1.1026E+03  3.4203E-25  9.6774E-25  2.8021E-24 
   1.1256E+03  3.4454E-25  9.7363E-25  2.8179E-24 
   1.1492E+03  3.4706E-25  9.7954E-25  2.8337E-24 
   1.1733E+03  3.4961E-25  9.8546E-25  2.8495E-24 
   1.1978E+03  3.5217E-25  9.9141E-25  2.8654E-24 
   1.2229E+03  3.5475E-25  9.9738E-25  2.8813E-24 
   1.2485E+03  3.5734E-25  1.0034E-24  2.8972E-24 
   1.2746E+03  3.5996E-25  1.0094E-24  2.9132E-24 
   1.3013E+03  3.6260E-25  1.0154E-24  2.9292E-24 
   1.3285E+03  3.6526E-25  1.0215E-24  2.9453E-24 
   1.3564E+03  3.6794E-25  1.0276E-24  2.9615E-24 
   1.3847E+03  3.7065E-25  1.0338E-24  2.9777E-24 
   1.4137E+03  3.7337E-25  1.0399E-24  2.9940E-24 
   1.4433E+03  3.7613E-25  1.0461E-24  3.0104E-24 
   1.4735E+03  3.7891E-25  1.0524E-24  3.0268E-24 
   1.5044E+03  3.8171E-25  1.0587E-24  3.0433E-24 
   1.5359E+03  3.8456E-25  1.0651E-24  3.0601E-24 
   1.5680E+03  3.8742E-25  1.0715E-24  3.0768E-24 
   1.6009E+03  3.9033E-25  1.0780E-24  3.0938E-24 
   1.6344E+03  3.9326E-25  1.0845E-24  3.1108E-24 
   1.6686E+03  3.9623E-25  1.0911E-24  3.1281E-24 
   1.7035E+03  3.9924E-25  1.0977E-24  3.1455E-24 
   1.7392E+03  4.0228E-25  1.1045E-24  3.1631E-24 
   1.7756E+03  4.0514E-25  1.1107E-24  3.1792E-24 
   1.8127E+03  4.0832E-25  1.1178E-24  3.1977E-24 
   1.8507E+03  4.1147E-25  1.1247E-24  3.2158E-24 
   1.8894E+03  4.1470E-25  1.1319E-24  3.2343E-24 
   1.9290E+03  4.1795E-25  1.1390E-24  3.2530E-24 
   1.9694E+03  4.2127E-25  1.1464E-24  3.2721E-24 
   2.0106E+03  4.2463E-25  1.1538E-24  3.2915E-24 
   2.0527E+03  4.2804E-25  1.1613E-24  3.3112E-24 
   2.0956E+03  4.3151E-25  1.1690E-24  3.3312E-24 
   2.1395E+03  4.3503E-25  1.1768E-24  3.3516E-24 
   2.1843E+03  4.3861E-25  1.1848E-24  3.3725E-24 
   2.2300E+03  4.4225E-25  1.1929E-24  3.3938E-24 
   2.2767E+03  4.4595E-25  1.2012E-24  3.4156E-24 
   2.3244E+03  4.4974E-25  1.2098E-24  3.4380E-24 
   2.3730E+03  4.5362E-25  1.2185E-24  3.4610E-24 
   2.4227E+03  4.5758E-25  1.2275E-24  3.4846E-24 
   2.4734E+03  4.6164E-25  1.2366E-24  3.5088E-24 
   2.5252E+03  4.6579E-25  1.2461E-24  3.5337E-24 
   2.5781E+03  4.7005E-25  1.2557E-24  3.5593E-24 
   2.6320E+03  4.7441E-25  1.2657E-24  3.5856E-24 
   2.6871E+03  4.7889E-25  1.2759E-24  3.6128E-24 
   2.7434E+03  4.8348E-25  1.2865E-24  3.6409E-24 
   2.8008E+03  4.8820E-25  1.2974E-24  3.6699E-24 
   2.8594E+03  4.9306E-25  1.3086E-24  3.6999E-24 
   2.9193E+03  4.9805E-25  1.3203E-24  3.7309E-24 
   2.9804E+03  5.0319E-25  1.3323E-24  3.7631E-24 
   3.0428E+03  5.0848E-25  1.3447E-24  3.7966E-24 
   3.1065E+03  5.1394E-25  1.3576E-24  3.8313E-24 
   3.1715E+03  5.1956E-25  1.3710E-24  3.8673E-24 
   3.2379E+03  5.2537E-25  1.3849E-24  3.9049E-24 
   3.3057E+03  5.3138E-25  1.3993E-24  3.9440E-24 
   3.3749E+03  5.3758E-25  1.4143E-24  3.9848E-24 
   3.4455E+03  5.4400E-25  1.4299E-24  4.0274E-24 
   3.5176E+03  5.5065E-25  1.4461E-24  4.0719E-24 
   3.5913E+03  5.5753E-25  1.4630E-24  4.1182E-24 
   3.6665E+03  5.6465E-25  1.4807E-24  4.1667E-24 
   3.7432E+03  5.7204E-25  1.4991E-24  4.2174E-24 
   3.8216E+03  5.7973E-25  1.5183E-24  4.2706E-24 
   3.9016E+03  5.8771E-25  1.5385E-24  4.3264E-24 
   3.9832E+03  5.9601E-25  1.5595E-24  4.3849E-24 
   4.0666E+03  6.0464E-25  1.5815E-24  4.4462E-24 
   4.1517E+03  6.1362E-25  1.6046E-24  4.5106E-24 
   4.2387E+03  6.2297E-25  1.6288E-24  4.5782E-24 
   4.3274E+03  6.3271E-25  1.6541E-24  4.6493E-24 
   4.4180E+03  6.4458E-25  1.6861E-24  4.7402E-24 
   4.5105E+03  6.5547E-25  1.7148E-24  4.8215E-24 
   4.6049E+03  6.6685E-25  1.7451E-24  4.9073E-24 
   4.7013E+03  6.7877E-25  1.7770E-24  4.9978E-24 
   4.7997E+03  6.9126E-25  1.8107E-24  5.0934E-24 
   4.9001E+03  7.0436E-25  1.8461E-24  5.1945E-24 
   5.0027E+03  7.1810E-25  1.8835E-24  5.3013E-24 
   5.1074E+03  7.3253E-25  1.9230E-24  5.4144E-24 
   5.2144E+03  7.4770E-25  1.9648E-24  5.5341E-24 
   5.3235E+03  7.6366E-25  2.0089E-24  5.6611E-24 
   5.4350E+03  7.8048E-25  2.0557E-24  5.7957E-24 
   5.5487E+03  7.9823E-25  2.1053E-24  5.9388E-24 
   5.6649E+03  8.1700E-25  2.1580E-24  6.0911E-24 
   5.7835E+03  8.3687E-25  2.2141E-24  6.2533E-24 
   5.9045E+03  8.5795E-25  2.2738E-24  6.4264E-24 
   6.0281E+03  8.8036E-25  2.3375E-24  6.6113E-24 
   6.1543E+03  9.0425E-25  2.4056E-24  6.8092E-24 
   6.2832E+03  9.2976E-25  2.4786E-24  7.0214E-24 
   6.4147E+03  9.5709E-25  2.5569E-24  7.2492E-24 
   6.5490E+03  9.8641E-25  2.6409E-24  7.4938E-24 
   6.6861E+03  1.0180E-24  2.7313E-24  7.7567E-24 
   6.8260E+03  1.0520E-24  2.8286E-24  8.0396E-24 
   6.9689E+03  1.0889E-24  2.9335E-24  8.3442E-24 
   7.1148E+03  1.1287E-24  3.0459E-24  8.6698E-24 
   7.2637E+03  1.1724E-24  3.1684E-24  9.0238E-24 
   7.4158E+03  1.2203E-24  3.3014E-24  9.4062E-24 
   7.5710E+03  1.2732E-24  3.4459E-24  9.8197E-24 
   7.7295E+03  1.3318E-24  3.6035E-24  1.0268E-23 
   7.8913E+03  1.3971E-24  3.7756E-24  1.0753E-23 
   8.0565E+03  1.4705E-24  3.9642E-24  1.1280E-23 
   8.2251E+03  1.5532E-24  4.1713E-24  1.1852E-23 
   8.3973E+03  1.6472E-24  4.3993E-24  1.2474E-23 
   8.5731E+03  1.7543E-24  4.6507E-24  1.3148E-23 
   8.7526E+03  1.8773E-24  4.9285E-24  1.3881E-23 
   8.9358E+03  2.0190E-24  5.2362E-24  1.4676E-23 
   9.1228E+03  2.1830E-24  5.5775E-24  1.5538E-23 
   9.3138E+03  2.3611E-24  5.9174E-24  1.6352E-23 
   9.5088E+03  2.5824E-24  6.3369E-24  1.7353E-23 
   9.7078E+03  2.8427E-24  6.8093E-24  1.8448E-23 
   9.9110E+03  3.1488E-24  7.3404E-24  1.9640E-23 
   1.0119E+04  3.5074E-24  7.9403E-24  2.0941E-23 
   1.0330E+04  3.9346E-24  8.6198E-24  2.2362E-23 
   1.0547E+04  4.4393E-24  9.3913E-24  2.3918E-23 
   1.0767E+04  5.0364E-24  1.0270E-23  2.5623E-23 
   1.0993E+04  5.7427E-24  1.1272E-23  2.7498E-23 
   1.1223E+04  6.5777E-24  1.2420E-23  2.9563E-23 
   1.1458E+04  7.5637E-24  1.3734E-23  3.1844E-23 
   1.1698E+04  8.7257E-24  1.5241E-23  3.4368E-23 
   1.1943E+04  1.0091E-23  1.6965E-23  3.7151E-23 
   1.2193E+04  1.1692E-23  1.8948E-23  4.0256E-23 
   1.2448E+04  1.3562E-23  2.1221E-23  4.3694E-23 
   1.2708E+04  1.5737E-23  2.3822E-23  4.7542E-23 
   1.2974E+04  1.8254E-23  2.6787E-23  5.1827E-23 
   1.3246E+04  2.1152E-23  3.0176E-23  5.6655E-23 
   1.3523E+04  2.4452E-23  3.3984E-23  6.1957E-23 
   1.3806E+04  2.8183E-23  3.8263E-23  6.7848E-23 
   1.4095E+04  3.2342E-23  4.3001E-23  7.4289E-23 
   1.4390E+04  3.6915E-23  4.8192E-23  8.1299E-23 
   1.4692E+04  4.1848E-23  5.3784E-23  8.8832E-23 
   1.4999E+04  4.7043E-23  5.9700E-23  9.6792E-23 
   1.5313E+04  5.2352E-23  6.5752E-23  1.0502E-22 
   1.5634E+04  5.7595E-23  7.1746E-23  1.1329E-22 
   1.5961E+04  6.8034E-23  8.2533E-23  1.2508E-22 
   1.6295E+04  7.4475E-23  8.9752E-23  1.3461E-22 
   1.6636E+04  8.0517E-23  9.6583E-23  1.4376E-22 
   1.6984E+04  8.5922E-23  1.0277E-22  1.5225E-22 
   1.7340E+04  9.0479E-23  1.0811E-22  1.5987E-22 
   1.7703E+04  9.4084E-23  1.1256E-22  1.6679E-22 
   1.8074E+04  9.6582E-23  1.1580E-22  1.7223E-22 
   1.8452E+04  9.8025E-23  1.1797E-22  1.7653E-22 
   1.8838E+04  9.8493E-23  1.1915E-22  1.7979E-22 
   1.9232E+04  9.8112E-23  1.1947E-22  1.8218E-22 
   1.9635E+04  9.7030E-23  1.1910E-22  1.8389E-22 
   2.0046E+04  9.5404E-23  1.1820E-22  1.8512E-22 
   2.0466E+04  9.3379E-23  1.1692E-22  1.8606E-22 
   2.0894E+04  9.1087E-23  1.1542E-22  1.8688E-22 
   2.1332E+04  8.8638E-23  1.1381E-22  1.8772E-22 
   2.1778E+04  8.6122E-23  1.1218E-22  1.8869E-22 
   2.2234E+04  8.3611E-23  1.1061E-22  1.8988E-22 
   2.2699E+04  8.1160E-23  1.0915E-22  1.9136E-22 
   2.3175E+04  7.8811E-23  1.0786E-22  1.9317E-22 
   2.3660E+04  7.6594E-23  1.0676E-22  1.9535E-22 
   2.4155E+04  7.4534E-23  1.0589E-22  1.9796E-22 
   2.4661E+04  7.2642E-23  1.0524E-22  2.0098E-22 
   2.5177E+04  7.0927E-23  1.0484E-22  2.0443E-22 
   2.5704E+04  6.9400E-23  1.0470E-22  2.0835E-22 
   2.6242E+04  6.8062E-23  1.0482E-22  2.1276E-22 
   2.6791E+04  6.6909E-23  1.0520E-22  2.1765E-22 
   2.7352E+04  6.5964E-23  1.0593E-22  2.2328E-22 
   2.7925E+04  6.5174E-23  1.0685E-22  2.2922E-22 
   2.8509E+04  6.4526E-23  1.0799E-22  2.3564E-22 
   2.9106E+04  6.4077E-23  1.0936E-22  2.4235E-22 
   2.9715E+04  6.3867E-23  1.1109E-22  2.4980E-22 
   3.0337E+04  6.3797E-23  1.1308E-22  2.5784E-22 
   3.0972E+04  6.3799E-23  1.1528E-22  2.6646E-22 
   3.1621E+04  6.3854E-23  1.1765E-22  2.7563E-22 
   3.2283E+04  6.4018E-23  1.2023E-22  2.8533E-22 
   3.2958E+04  6.4265E-23  1.2302E-22  2.9558E-22 
   3.3648E+04  6.4502E-23  1.2593E-22  3.0636E-22 
   3.4353E+04  6.4831E-23  1.2906E-22  3.1770E-22 
   3.5072E+04  6.5224E-23  1.3237E-22  3.2958E-22 
   3.5806E+04  6.5691E-23  1.3591E-22  3.4215E-22 
   3.6556E+04  6.6128E-23  1.3953E-22  3.5516E-22 
   3.7321E+04  6.6765E-23  1.4349E-22  3.6886E-22 
   3.8102E+04  6.7362E-23  1.4753E-22  3.8304E-22 
   3.8900E+04  6.8088E-23  1.5184E-22  3.9788E-22 
   3.9714E+04  6.9003E-23  1.5648E-22  4.1346E-22 
   4.0545E+04  6.9902E-23  1.6124E-22  4.2960E-22 
   4.1394E+04  7.0970E-23  1.6635E-22  4.4656E-22 
   4.2260E+04  7.2257E-23  1.7184E-22  4.6443E-22 
   4.3145E+04  7.3584E-23  1.7756E-22  4.8304E-22 
   4.4048E+04  7.5163E-23  1.8369E-22  5.0258E-22 
   4.4970E+04  7.6887E-23  1.9017E-22  5.2304E-22 
   4.5912E+04  7.8792E-23  1.9703E-22  5.4447E-22 
   4.6873E+04  8.0904E-23  2.0430E-22  5.6694E-22 
   4.7854E+04  8.3208E-23  2.1191E-22  5.9017E-22 
   4.8856E+04  8.5779E-23  2.2006E-22  6.1474E-22 
   4.9878E+04  8.8609E-23  2.2869E-22  6.4044E-22 
   5.0923E+04  9.2265E-23  2.3836E-22  6.6780E-22 
   5.1989E+04  9.5902E-23  2.4824E-22  6.9602E-22 
   5.3077E+04  9.9728E-23  2.5854E-22  7.2543E-22 
   5.4188E+04  1.0392E-22  2.6944E-22  7.5608E-22 
   5.5322E+04  1.0851E-22  2.8097E-22  7.8805E-22 
   5.6480E+04  1.1351E-22  2.9313E-22  8.2130E-22 
   5.7663E+04  1.1896E-22  3.0599E-22  8.5597E-22 
   5.8870E+04  1.2492E-22  3.1959E-22  8.9209E-22 
   6.0102E+04  1.3133E-22  3.3387E-22  9.2959E-22 
   6.1360E+04  1.3821E-22  3.4887E-22  9.6848E-22 
   6.2645E+04  1.4557E-22  3.6456E-22  1.0087E-21 
   6.3956E+04  1.5346E-22  3.8068E-22  1.0491E-21 
   6.5295E+04  1.6180E-22  3.9769E-22  1.0917E-21 
   6.6662E+04  1.7057E-22  4.1530E-22  1.1354E-21 
   6.8057E+04  1.7972E-22  4.3344E-22  1.1800E-21 
   6.9482E+04  1.8902E-22  4.5183E-22  1.2252E-21 
   7.0936E+04  1.9839E-22  4.7037E-22  1.2708E-21 
   7.2421E+04  2.0770E-22  4.8889E-22  1.3165E-21 
   7.3937E+04  2.1662E-22  5.0702E-22  1.3617E-21 
   7.5485E+04  2.2548E-22  5.2516E-22  1.4072E-21 
   7.7065E+04  2.3392E-22  5.4288E-22  1.4523E-21 
   7.8678E+04  2.4188E-22  5.6013E-22  1.4970E-21 
   8.0325E+04  2.4931E-22  5.7687E-22  1.5412E-21 
   8.2007E+04  2.5611E-22  5.9303E-22  1.5848E-21 
   8.3723E+04  2.6239E-22  6.0858E-22  1.6277E-21 
   8.5476E+04  2.6810E-22  6.2344E-22  1.6696E-21 
   8.7265E+04  2.7324E-22  6.3753E-22  1.7101E-21 
   8.9092E+04  2.7782E-22  6.5071E-22  1.7487E-21 
   9.0957E+04  2.8183E-22  6.6285E-22  1.7849E-21 
   9.2861E+04  2.8526E-22  6.7376E-22  1.8180E-21 
   9.4805E+04  2.8808E-22  6.8324E-22  1.8472E-21 
   9.6790E+04  2.9030E-22  6.9114E-22  1.8719E-21 
   9.8816E+04  2.9189E-22  6.9728E-22  1.8917E-21 
   1.0088E+05  2.9268E-22  7.0109E-22  1.9045E-21 
   1.0300E+05  2.9303E-22  7.0353E-22  1.9133E-21 
   1.0515E+05  2.9204E-22  7.0348E-22  1.9161E-21 
   1.0735E+05  2.9114E-22  7.0229E-22  1.9143E-21 
   1.0960E+05  2.9010E-22  7.0025E-22  1.9094E-21 
   1.1189E+05  2.8884E-22  6.9741E-22  1.9021E-21 
   1.1424E+05  2.8758E-22  6.9420E-22  1.8935E-21 
   1.1663E+05  2.8631E-22  6.9105E-22  1.8850E-21 
   1.1907E+05  2.8522E-22  6.8835E-22  1.8778E-21 
   1.2156E+05  2.8440E-22  6.8640E-22  1.8727E-21 
   1.2411E+05  2.8393E-22  6.8544E-22  1.8704E-21 
   1.2671E+05  2.8385E-22  6.8560E-22  1.8714E-21 
   1.2936E+05  2.8417E-22  6.8695E-22  1.8759E-21 
   1.3207E+05  2.8490E-22  6.8949E-22  1.8840E-21 
   1.3483E+05  2.8601E-22  6.9316E-22  1.8953E-21 
   1.3765E+05  2.8747E-22  6.9786E-22  1.9097E-21 
   1.4053E+05  2.8923E-22  7.0346E-22  1.9268E-21 
   1.4348E+05  2.9125E-22  7.0984E-22  1.9461E-21 
   1.4648E+05  2.9347E-22  7.1681E-22  1.9673E-21 
   1.4955E+05  2.9583E-22  7.2423E-22  1.9898E-21 
   1.5268E+05  2.9829E-22  7.3193E-22  2.0131E-21 
   1.5587E+05  3.0077E-22  7.3972E-22  2.0367E-21 
   1.5913E+05  3.0324E-22  7.4746E-22  2.0601E-21 
   1.6247E+05  3.0563E-22  7.5499E-22  2.0830E-21 
   1.6587E+05  3.0791E-22  7.6219E-22  2.1049E-21 
   1.6934E+05  3.1004E-22  7.6897E-22  2.1255E-21 
   1.7288E+05  3.1202E-22  7.7529E-22  2.1448E-21 
   1.7650E+05  3.1383E-22  7.8115E-22  2.1628E-21 
   1.8020E+05  3.1550E-22  7.8661E-22  2.1796E-21 
   1.8397E+05  3.1705E-22  7.9175E-22  2.1955E-21 
   1.8782E+05  3.1852E-22  7.9670E-22  2.2109E-21 
   1.9175E+05  3.1697E-22  7.9860E-22  2.2232E-21 
   1.9577E+05  3.1856E-22  8.0369E-22  2.2387E-21 
   1.9986E+05  3.2018E-22  8.0888E-22  2.2547E-21 
   2.0405E+05  3.2180E-22  8.1415E-22  2.2709E-21 
   2.0832E+05  3.2339E-22  8.1944E-22  2.2873E-21 
   2.1268E+05  3.2491E-22  8.2461E-22  2.3034E-21 
   2.1713E+05  3.2631E-22  8.2946E-22  2.3187E-21 
   2.2168E+05  3.2749E-22  8.3374E-22  2.3323E-21 
   2.2632E+05  3.2835E-22  8.3710E-22  2.3433E-21 
   2.3106E+05  3.2877E-22  8.3915E-22  2.3504E-21 
   2.3589E+05  3.2860E-22  8.3943E-22  2.3522E-21 
   2.4083E+05  3.2768E-22  8.3742E-22  2.3472E-21 
   2.4587E+05  3.2585E-22  8.3261E-22  2.3338E-21 
   2.5102E+05  3.2294E-22  8.2447E-22  2.3105E-21 
   2.5627E+05  3.1880E-22  8.1256E-22  2.2758E-21 
   2.6164E+05  3.1335E-22  7.9655E-22  2.2289E-21 
   2.6712E+05  3.0655E-22  7.7633E-22  2.1692E-21 
   2.7271E+05  2.9843E-22  7.5204E-22  2.0972E-21 
   2.7842E+05  2.8913E-22  7.2407E-22  2.0142E-21 
   2.8424E+05  2.7886E-22  6.9311E-22  1.9222E-21 
   2.9019E+05  2.6791E-22  6.6005E-22  1.8238E-21 
   2.9627E+05  2.5660E-22  6.2589E-22  1.7221E-21 
   3.0247E+05  2.4524E-22  5.9165E-22  1.6202E-21 
   3.0880E+05  2.3411E-22  5.5823E-22  1.5207E-21 
   3.1527E+05  2.2347E-22  5.2639E-22  1.4261E-21 
   3.2187E+05  2.1348E-22  4.9667E-22  1.3380E-21 
   3.2860E+05  2.0425E-22  4.6942E-22  1.2573E-21 
   3.3548E+05  1.9583E-22  4.4479E-22  1.1846E-21 
   3.4251E+05  1.8823E-22  4.2281E-22  1.1200E-21 
   3.4968E+05  1.8142E-22  4.0338E-22  1.0631E-21 
   3.5700E+05  1.7530E-22  3.8629E-22  1.0135E-21 
   3.6447E+05  1.6997E-22  3.7154E-22  9.7078E-22 
   3.7210E+05  1.6516E-22  3.5868E-22  9.3406E-22 
   3.7989E+05  1.6101E-22  3.4774E-22  9.0297E-22 
   3.8784E+05  1.5726E-22  3.3831E-22  8.7669E-22 
   3.9596E+05  1.5400E-22  3.3036E-22  8.5482E-22 
   4.0425E+05  1.5105E-22  3.2358E-22  8.3668E-22 
   4.1271E+05  1.4849E-22  3.1795E-22  8.2192E-22 
   4.2135E+05  1.4620E-22  3.1322E-22  8.0997E-22 
   4.3017E+05  1.4419E-22  3.0932E-22  8.0049E-22 
   4.3917E+05  1.4238E-22  3.0608E-22  7.9303E-22 
   4.4837E+05  1.4073E-22  3.0338E-22  7.8720E-22 
   4.5775E+05  1.3922E-22  3.0110E-22  7.8266E-22 
   4.6733E+05  1.3780E-22  2.9912E-22  7.7904E-22 
   4.7712E+05  1.3643E-22  2.9734E-22  7.7601E-22 
   4.8710E+05  1.3509E-22  2.9563E-22  7.7322E-22 
   4.9730E+05  1.3374E-22  2.9388E-22  7.7032E-22 
   5.0771E+05  1.3204E-22  2.9167E-22  7.6664E-22 
   5.1834E+05  1.3020E-22  2.8916E-22  7.6212E-22 
   5.2919E+05  1.2828E-22  2.8630E-22  7.5649E-22 
   5.4027E+05  1.2625E-22  2.8300E-22  7.4947E-22 
   5.5158E+05  1.2407E-22  2.7920E-22  7.4086E-22 
   5.6312E+05  1.2175E-22  2.7486E-22  7.3053E-22 
   5.7491E+05  1.1929E-22  2.6999E-22  7.1854E-22 
   5.8695E+05  1.1670E-22  2.6466E-22  7.0506E-22 
   5.9923E+05  1.1402E-22  2.5897E-22  6.9045E-22 
   6.1178E+05  1.1129E-22  2.5308E-22  6.7517E-22 
   6.2458E+05  1.0858E-22  2.4717E-22  6.5977E-22 
   6.3766E+05  1.0595E-22  2.4144E-22  6.4482E-22 
   6.5101E+05  1.0344E-22  2.3603E-22  6.3079E-22 
   6.6463E+05  1.0110E-22  2.3107E-22  6.1809E-22 
   6.7855E+05  9.8953E-23  2.2666E-22  6.0698E-22 
   6.9275E+05  9.7007E-23  2.2284E-22  5.9759E-22 
   7.0725E+05  9.5266E-23  2.1960E-22  5.8992E-22 
   7.2206E+05  9.3719E-23  2.1692E-22  5.8387E-22 
   7.3717E+05  9.2348E-23  2.1473E-22  5.7928E-22 
   7.5260E+05  9.1133E-23  2.1298E-22  5.7594E-22 
   7.6836E+05  9.0048E-23  2.1158E-22  5.7362E-22 
   7.8444E+05  8.9068E-23  2.1045E-22  5.7209E-22 
   8.0086E+05  8.8168E-23  2.0953E-22  5.7111E-22 
   8.1763E+05  8.7325E-23  2.0872E-22  5.7044E-22 
   8.3474E+05  8.6515E-23  2.0797E-22  5.6988E-22 
   8.5222E+05  8.5719E-23  2.0721E-22  5.6924E-22 
   8.7006E+05  8.4917E-23  2.0638E-22  5.6834E-22 
   8.8827E+05  8.4095E-23  2.0543E-22  5.6703E-22 
   9.0687E+05  8.3239E-23  2.0432E-22  5.6520E-22 
   9.2585E+05  8.2342E-23  2.0303E-22  5.6276E-22 
   9.4523E+05  8.1398E-23  2.0155E-22  5.5969E-22 
   9.6502E+05  8.0408E-23  1.9987E-22  5.5599E-22 
   9.8522E+05  7.9377E-23  1.9801E-22  5.5170E-22 
   1.0058E+06  7.8311E-23  1.9600E-22  5.4690E-22 
   1.0269E+06  7.7221E-23  1.9387E-22  5.4170E-22 
   1.0484E+06  7.6117E-23  1.9166E-22  5.3619E-22 
   1.0703E+06  7.5135E-23  1.8951E-22  5.3061E-22 
   1.0927E+06  7.3959E-23  1.8716E-22  5.2475E-22 
   1.1156E+06  7.2816E-23  1.8483E-22  5.1891E-22 
   1.1390E+06  7.1703E-23  1.8253E-22  5.1312E-22 
   1.1628E+06  7.0623E-23  1.8029E-22  5.0744E-22 
   1.1872E+06  6.9576E-23  1.7810E-22  5.0186E-22 
   1.2120E+06  6.8559E-23  1.7596E-22  4.9638E-22 
   1.2374E+06  6.7569E-23  1.7385E-22  4.9099E-22 
   1.2633E+06  6.6602E-23  1.7178E-22  4.8563E-22 
   1.2897E+06  6.5653E-23  1.6972E-22  4.8028E-22 
   1.3167E+06  6.4715E-23  1.6766E-22  4.7489E-22 
   1.3443E+06  6.3781E-23  1.6557E-22  4.6938E-22 
   1.3724E+06  6.2844E-23  1.6343E-22  4.6369E-22 
   1.4012E+06  6.1895E-23  1.6123E-22  4.5776E-22 
   1.4305E+06  6.0927E-23  1.5893E-22  4.5151E-22 
   1.4604E+06  5.9933E-23  1.5651E-22  4.4488E-22 
   1.4910E+06  5.8905E-23  1.5396E-22  4.3780E-22 
   1.5222E+06  5.7836E-23  1.5125E-22  4.3022E-22 
   1.5541E+06  5.6723E-23  1.4837E-22  4.2209E-22 
   1.5866E+06  5.5561E-23  1.4531E-22  4.1339E-22 
   1.6198E+06  5.4347E-23  1.4207E-22  4.0408E-22 
   1.6537E+06  5.3081E-23  1.3863E-22  3.9417E-22 
   1.6884E+06  5.1764E-23  1.3500E-22  3.8367E-22 
   1.7237E+06  5.0397E-23  1.3119E-22  3.7259E-22 
   1.7598E+06  4.8983E-23  1.2721E-22  3.6098E-22 
   1.7966E+06  4.7528E-23  1.2309E-22  3.4888E-22 
   1.8342E+06  4.6038E-23  1.1882E-22  3.3636E-22 
   1.8726E+06  4.4522E-23  1.1446E-22  3.2351E-22 
   1.9118E+06  4.2991E-23  1.1003E-22  3.1043E-22 
   1.9518E+06  4.1456E-23  1.0557E-22  2.9724E-22 
   1.9927E+06  3.9929E-23  1.0112E-22  2.8406E-22 
   2.0344E+06  3.8423E-23  9.6712E-23  2.7101E-22 
   2.0770E+06  3.6948E-23  9.2393E-23  2.5820E-22 
   2.1205E+06  3.5516E-23  8.8192E-23  2.4573E-22 
   2.1649E+06  3.4134E-23  8.4135E-23  2.3369E-22 
   2.2102E+06  3.2808E-23  8.0240E-23  2.2213E-22 
   2.2565E+06  3.1543E-23  7.6521E-23  2.1108E-22 
   2.3037E+06  3.0334E-23  7.2976E-23  2.0056E-22 
   2.3519E+06  2.9203E-23  6.9631E-23  1.9060E-22 
   2.4011E+06  2.8107E-23  6.6443E-23  1.8117E-22 
   2.4514E+06  2.7088E-23  6.3453E-23  1.7229E-22 
   2.5027E+06  2.6125E-23  6.0642E-23  1.6395E-22 
   2.5551E+06  2.5228E-23  5.8014E-23  1.5616E-22 
   2.6086E+06  2.4389E-23  5.5566E-23  1.4890E-22 
   2.6632E+06  2.3609E-23  5.3294E-23  1.4217E-22 
   2.7190E+06  2.2886E-23  5.1192E-23  1.3595E-22 
   2.7759E+06  2.2217E-23  4.9253E-23  1.3022E-22 
   2.8340E+06  2.1599E-23  4.7467E-23  1.2494E-22 
   2.8933E+06  2.1030E-23  4.5825E-23  1.2009E-22 
   2.9539E+06  2.0508E-23  4.4321E-23  1.1565E-22 
   3.0157E+06  2.0026E-23  4.2937E-23  1.1157E-22 
   3.0788E+06  1.9583E-23  4.1666E-23  1.0782E-22 
   3.1433E+06  1.9176E-23  4.0502E-23  1.0439E-22 
   3.2091E+06  1.8802E-23  3.9434E-23  1.0125E-22 
   3.2763E+06  1.8459E-23  3.8455E-23  9.8372E-23 
   3.3449E+06  1.8143E-23  3.7557E-23  9.5730E-23 
   3.4149E+06  1.7855E-23  3.6738E-23  9.3323E-23 
   3.4864E+06  1.7592E-23  3.5991E-23  9.1129E-23 
   3.5593E+06  1.7353E-23  3.5310E-23  8.9130E-23 
   3.6338E+06  1.7136E-23  3.4695E-23  8.7321E-23 
   3.7099E+06  1.6945E-23  3.4144E-23  8.5694E-23 
   3.7876E+06  1.6764E-23  3.3638E-23  8.4217E-23 
   3.8669E+06  1.6611E-23  3.3194E-23  8.2904E-23 
   3.9478E+06  1.6466E-23  3.2792E-23  8.1732E-23 
   4.0304E+06  1.6348E-23  3.2446E-23  8.0706E-23 
   4.1148E+06  1.6236E-23  3.2133E-23  7.9791E-23 
   4.2010E+06  1.6147E-23  3.1869E-23  7.9006E-23 
   4.2889E+06  1.6063E-23  3.1637E-23  7.8326E-23 
   4.3787E+06  1.6002E-23  3.1445E-23  7.7747E-23 
   4.4703E+06  1.5943E-23  3.1276E-23  7.7250E-23 
   4.5639E+06  1.5903E-23  3.1144E-23  7.6846E-23 
   4.6594E+06  1.5865E-23  3.1032E-23  7.6510E-23 
   4.7570E+06  1.5844E-23  3.0952E-23  7.6253E-23 
   4.8566E+06  1.5825E-23  3.0887E-23  7.6055E-23 
   4.9582E+06  1.5822E-23  3.0852E-23  7.5923E-23 
   5.0620E+06  1.5818E-23  3.0828E-23  7.5840E-23 
   5.1680E+06  1.5829E-23  3.0828E-23  7.5810E-23 
   5.2762E+06  1.5840E-23  3.0839E-23  7.5820E-23 
   5.3866E+06  1.5864E-23  3.0870E-23  7.5876E-23 
   5.4994E+06  1.5887E-23  3.0910E-23  7.5967E-23 
   5.6145E+06  1.5920E-23  3.0964E-23  7.6082E-23 
   5.7320E+06  1.5951E-23  3.1019E-23  7.6211E-23 
   5.8520E+06  1.5992E-23  3.1088E-23  7.6368E-23 
   5.9745E+06  1.6031E-23  3.1158E-23  7.6530E-23 
   6.0996E+06  1.6077E-23  3.1236E-23  7.6705E-23 
   6.2273E+06  1.6120E-23  3.1312E-23  7.6882E-23 
   6.3576E+06  1.6170E-23  3.1393E-23  7.7056E-23 
   6.4907E+06  1.6215E-23  3.1466E-23  7.7217E-23 
   6.6266E+06  1.6266E-23  3.1543E-23  7.7370E-23 
   6.7653E+06  1.6310E-23  3.1606E-23  7.7493E-23 
   6.9069E+06  1.6360E-23  3.1674E-23  7.7611E-23 
   7.0515E+06  1.6405E-23  3.1729E-23  7.7702E-23 
   7.1991E+06  1.6453E-23  3.1782E-23  7.7771E-23 
   7.3498E+06  1.6495E-23  3.1823E-23  7.7808E-23 
   7.5037E+06  1.6540E-23  3.1860E-23  7.7819E-23 
   7.6607E+06  1.6579E-23  3.1882E-23  7.7794E-23 
   7.8211E+06  1.6621E-23  3.1900E-23  7.7741E-23 
   7.9848E+06  1.6656E-23  3.1903E-23  7.7649E-23 
   8.1520E+06  1.6693E-23  3.1900E-23  7.7526E-23 
   8.3226E+06  1.6724E-23  3.1881E-23  7.7361E-23 
   8.4968E+06  1.6756E-23  3.1857E-23  7.7167E-23 
   8.6747E+06  1.6784E-23  3.1817E-23  7.6926E-23 
   8.8563E+06  1.6806E-23  3.1762E-23  7.6638E-23 
   9.0417E+06  1.6829E-23  3.1697E-23  7.6309E-23 
   9.2310E+06  1.6846E-23  3.1615E-23  7.5930E-23 
   9.4242E+06  1.6857E-23  3.1514E-23  7.5494E-23 
   9.6215E+06  1.6868E-23  3.1400E-23  7.5006E-23 
   9.8229E+06  1.6872E-23  3.1264E-23  7.4455E-23 
   1.0029E+07  1.6869E-23  3.1108E-23  7.3838E-23 
   1.0238E+07  1.6863E-23  3.0933E-23  7.3156E-23 
   1.0453E+07  1.6850E-23  3.0734E-23  7.2401E-23 
   1.0672E+07  1.6829E-23  3.0508E-23  7.1558E-23 
   1.0895E+07  1.6803E-23  3.0261E-23  7.0651E-23 
   1.1123E+07  1.6770E-23  2.9990E-23  6.9667E-23 
   1.1356E+07  1.6730E-23  2.9694E-23  6.8600E-23 
   1.1594E+07  1.6684E-23  2.9375E-23  6.7463E-23 
   1.1836E+07  1.6632E-23  2.9034E-23  6.6256E-23 
   1.2084E+07  1.6575E-23  2.8673E-23  6.4982E-23 
   1.2337E+07  1.6512E-23  2.8291E-23  6.3643E-23 
   1.2595E+07  1.6446E-23  2.7896E-23  6.2263E-23 
   1.2859E+07  1.6378E-23  2.7490E-23  6.0841E-23 
   1.3128E+07  1.6306E-23  2.7072E-23  5.9384E-23 
   1.3403E+07  1.6236E-23  2.6653E-23  5.7920E-23 
   1.3683E+07  1.6166E-23  2.6232E-23  5.6446E-23 
   1.3970E+07  1.6097E-23  2.5813E-23  5.4975E-23 
   1.4262E+07  1.6032E-23  2.5403E-23  5.3530E-23 
   1.4561E+07  1.5970E-23  2.5001E-23  5.2105E-23 
   1.4866E+07  1.5915E-23  2.4613E-23  5.0722E-23 
   1.5177E+07  1.5864E-23  2.4238E-23  4.9376E-23 
   1.5495E+07  1.5819E-23  2.3882E-23  4.8081E-23 
   1.5819E+07  1.5782E-23  2.3544E-23  4.6843E-23 
   1.6150E+07  1.5752E-23  2.3225E-23  4.5656E-23 
   1.6488E+07  1.5729E-23  2.2927E-23  4.4534E-23 
   1.6833E+07  1.5714E-23  2.2650E-23  4.3471E-23 
   1.7186E+07  1.5706E-23  2.2394E-23  4.2469E-23 
   1.7545E+07  1.5706E-23  2.2160E-23  4.1533E-23 
   1.7913E+07  1.5713E-23  2.1944E-23  4.0647E-23 
   1.8288E+07  1.5727E-23  2.1748E-23  3.9819E-23 
   1.8671E+07  1.5748E-23  2.1570E-23  3.9044E-23 
   1.9061E+07  1.5775E-23  2.1409E-23  3.8321E-23 
   1.9460E+07  1.5813E-23  2.1281E-23  3.7692E-23 
   1.9868E+07  1.5854E-23  2.1156E-23  3.7070E-23 
   2.0284E+07  1.5900E-23  2.1046E-23  3.6493E-23 
   2.0708E+07  1.5963E-23  2.0988E-23  3.6068E-23 
   2.1142E+07  1.6022E-23  2.0912E-23  3.5587E-23 
   2.1584E+07  1.6086E-23  2.0849E-23  3.5143E-23 
   2.2036E+07  1.6155E-23  2.0799E-23  3.4735E-23 
   2.2497E+07  1.6229E-23  2.0761E-23  3.4362E-23 
   2.2968E+07  1.6307E-23  2.0734E-23  3.4020E-23 
   2.3449E+07  1.6390E-23  2.0719E-23  3.3708E-23 
   2.3940E+07  1.6478E-23  2.0713E-23  3.3425E-23 
   2.4441E+07  1.6569E-23  2.0718E-23  3.3168E-23 
   2.4953E+07  1.6664E-23  2.0731E-23  3.2936E-23 
   2.5475E+07  1.6764E-23  2.0754E-23  3.2740E-23 
   2.6008E+07  1.6868E-23  2.0789E-23  3.2557E-23 
   2.6553E+07  1.6975E-23  2.0829E-23  3.2395E-23 
   2.7109E+07  1.7085E-23  2.0876E-23  3.2251E-23 
   2.7676E+07  1.7199E-23  2.0931E-23  3.2130E-23 
   2.8256E+07  1.7316E-23  2.0993E-23  3.2027E-23 
   2.8847E+07  1.7436E-23  2.1062E-23  3.1942E-23 
   2.9451E+07  1.7561E-23  2.1137E-23  3.1873E-23 
   3.0067E+07  1.7687E-23  2.1219E-23  3.1820E-23 
   3.0697E+07  1.7817E-23  2.1307E-23  3.1782E-23 
   3.1339E+07  1.7949E-23  2.1401E-23  3.1759E-23 
   3.1995E+07  1.8085E-23  2.1500E-23  3.1750E-23 
   3.2665E+07  1.8224E-23  2.1605E-23  3.1754E-23 
   3.3349E+07  1.8365E-23  2.1716E-23  3.1771E-23 
   3.4047E+07  1.8510E-23  2.1831E-23  3.1800E-23 
   3.4760E+07  1.8656E-23  2.1952E-23  3.1841E-23 
   3.5488E+07  1.8807E-23  2.2077E-23  3.1893E-23 
   3.6230E+07  1.8958E-23  2.2207E-23  3.1956E-23 
   3.6989E+07  1.9114E-23  2.2342E-23  3.2030E-23 
   3.7763E+07  1.9271E-23  2.2482E-23  3.2114E-23 
   3.8554E+07  1.9432E-23  2.2625E-23  3.2207E-23 
   3.9361E+07  1.9595E-23  2.2773E-23  3.2309E-23 
   4.0185E+07  1.9761E-23  2.2925E-23  3.2420E-23 
   4.1026E+07  1.9928E-23  2.3081E-23  3.2539E-23 
   4.1885E+07  2.0100E-23  2.3241E-23  3.2667E-23 
   4.2761E+07  2.0272E-23  2.3405E-23  3.2803E-23 
   4.3657E+07  2.0448E-23  2.3572E-23  3.2946E-23 
   4.4570E+07  2.0626E-23  2.3743E-23  3.3097E-23 
   4.5503E+07  2.0807E-23  2.3918E-23  3.3255E-23 
   4.6456E+07  2.0989E-23  2.4097E-23  3.3419E-23 
   4.7428E+07  2.1176E-23  2.4279E-23  3.3590E-23 
   4.8421E+07  2.1363E-23  2.4464E-23  3.3767E-23 
   4.9435E+07  2.1554E-23  2.4653E-23  3.3950E-23 
   5.0470E+07  2.1746E-23  2.4844E-23  3.4138E-23 
   5.1526E+07  2.1942E-23  2.5040E-23  3.4332E-23 
   5.2605E+07  2.2139E-23  2.5237E-23  3.4531E-23 
   5.3706E+07  2.2339E-23  2.5439E-23  3.4735E-23 
   5.4830E+07  2.2541E-23  2.5642E-23  3.4943E-23 
   5.5978E+07  2.2746E-23  2.5849E-23  3.5156E-23 
   5.7150E+07  2.2952E-23  2.6058E-23  3.5373E-23 
   5.8346E+07  2.3162E-23  2.6271E-23  3.5594E-23 
   5.9568E+07  2.3374E-23  2.6486E-23  3.5820E-23 
   6.0814E+07  2.3588E-23  2.6704E-23  3.6048E-23 
   6.2087E+07  2.3804E-23  2.6923E-23  3.6279E-23 
   6.3387E+07  2.4023E-23  2.7146E-23  3.6513E-23 
   6.4714E+07  2.4244E-23  2.7371E-23  3.6751E-23 
   6.6069E+07  2.4468E-23  2.7599E-23  3.6991E-23 
   6.7452E+07  2.4693E-23  2.7829E-23  3.7234E-23 
   6.8864E+07  2.4922E-23  2.8062E-23  3.7479E-23 
   7.0305E+07  2.5152E-23  2.8296E-23  3.7727E-23 
   7.1777E+07  2.5385E-23  2.8534E-23  3.7977E-23 
   7.3280E+07  2.5620E-23  2.8773E-23  3.8229E-23 
   7.4814E+07  2.5859E-23  2.9016E-23  3.8484E-23 
   7.6380E+07  2.6099E-23  2.9260E-23  3.8740E-23 
   7.7979E+07  2.6342E-23  2.9507E-23  3.8999E-23 
   7.9611E+07  2.6586E-23  2.9756E-23  3.9260E-23 
   8.1277E+07  2.6834E-23  3.0007E-23  3.9523E-23 
   8.2979E+07  2.7084E-23  3.0261E-23  3.9787E-23 
   8.4716E+07  2.7337E-23  3.0518E-23  4.0054E-23 
   8.6489E+07  2.7592E-23  3.0776E-23  4.0322E-23 
   8.8300E+07  2.7851E-23  3.1037E-23  4.0592E-23 
   9.0148E+07  2.8111E-23  3.1300E-23  4.0864E-23 
   9.2035E+07  2.8374E-23  3.1566E-23  4.1138E-23 
   9.3962E+07  2.8640E-23  3.1834E-23  4.1414E-23 
   9.5929E+07  2.8909E-23  3.2105E-23  4.1692E-23 
   9.7937E+07  2.9179E-23  3.2379E-23  4.1972E-23 
   9.9987E+07  2.9454E-23  3.2655E-23  4.2255E-23 
   1.0208E+08  2.9730E-23  3.2934E-23  4.2540E-23 
   1.0422E+08  3.0010E-23  3.3216E-23  4.2827E-23 
   1.0640E+08  3.0293E-23  3.3500E-23  4.3117E-23 
   1.0863E+08  3.0579E-23  3.3788E-23  4.3411E-23 
   1.1090E+08  3.0867E-23  3.4078E-23  4.3707E-23 
   1.1322E+08  3.1159E-23  3.4372E-23  4.4006E-23 
   1.1559E+08  3.1454E-23  3.4668E-23  4.4308E-23 
   1.1801E+08  3.1751E-23  3.4968E-23  4.4613E-23 
   1.2048E+08  3.2052E-23  3.5271E-23  4.4922E-23 
   1.2300E+08  3.2356E-23  3.5577E-23  4.5234E-23 
   1.2558E+08  3.2664E-23  3.5887E-23  4.5550E-23 
   1.2821E+08  3.2974E-23  3.6200E-23  4.5870E-23 
   1.3089E+08  3.3288E-23  3.6516E-23  4.6194E-23 
   1.3363E+08  3.3606E-23  3.6837E-23  4.6522E-23 
   1.3643E+08  3.3926E-23  3.7160E-23  4.6854E-23 
   1.3928E+08  3.4251E-23  3.7488E-23  4.7191E-23 
   1.4220E+08  3.4579E-23  3.7819E-23  4.7532E-23 
   1.4518E+08  3.4910E-23  3.8154E-23  4.7878E-23 
   1.4822E+08  3.5245E-23  3.8493E-23  4.8229E-23 
   1.5132E+08  3.5584E-23  3.8836E-23  4.8585E-23 
   1.5449E+08  3.5927E-23  3.9183E-23  4.8945E-23 
   1.5772E+08  3.6273E-23  3.9534E-23  4.9311E-23 
   1.6102E+08  3.6623E-23  3.9890E-23  4.9682E-23 
   1.6439E+08  3.6977E-23  4.0249E-23  5.0058E-23 
   1.6783E+08  3.7335E-23  4.0613E-23  5.0440E-23 
   1.7135E+08  3.7697E-23  4.0982E-23  5.0827E-23 
   1.7493E+08  3.8063E-23  4.1354E-23  5.1221E-23 
   1.7859E+08  3.8433E-23  4.1732E-23  5.1619E-23 
   1.8233E+08  3.8807E-23  4.2114E-23  5.2024E-23 
   1.8615E+08  3.9186E-23  4.2500E-23  5.2435E-23 
   1.9005E+08  3.9569E-23  4.2892E-23  5.2852E-23 
   1.9403E+08  3.9956E-23  4.3288E-23  5.3275E-23 
   1.9809E+08  4.0347E-23  4.3689E-23  5.3704E-23 
   2.0223E+08  4.0743E-23  4.4094E-23  5.4140E-23 
   2.0647E+08  4.1143E-23  4.4505E-23  5.4582E-23 
   2.1079E+08  4.1548E-23  4.4921E-23  5.5031E-23 
   2.1520E+08  4.1957E-23  4.5342E-23  5.5486E-23 
   2.1971E+08  4.2371E-23  4.5768E-23  5.5948E-23 
   2.2431E+08  4.2790E-23  4.6199E-23  5.6416E-23 
   2.2900E+08  4.3213E-23  4.6635E-23  5.6892E-23 
   2.3379E+08  4.3641E-23  4.7077E-23  5.7374E-23 
   2.3869E+08  4.4075E-23  4.7525E-23  5.7864E-23 
   2.4369E+08  4.4513E-23  4.7977E-23  5.8360E-23 
   2.4879E+08  4.4956E-23  4.8436E-23  5.8864E-23 
   2.5399E+08  4.5404E-23  4.8899E-23  5.9374E-23 
   2.5931E+08  4.5858E-23  4.9369E-23  5.9893E-23 
   2.6474E+08  4.6316E-23  4.9844E-23  6.0418E-23 
   2.7028E+08  4.6780E-23  5.0326E-23  6.0951E-23 
   2.7594E+08  4.7249E-23  5.0813E-23  6.1491E-23 
   2.8172E+08  4.7724E-23  5.1306E-23  6.2039E-23 
   2.8761E+08  4.8204E-23  5.1805E-23  6.2595E-23 
   2.9363E+08  4.8690E-23  5.2310E-23  6.3159E-23 
   2.9978E+08  4.9181E-23  5.2822E-23  6.3730E-23 
   3.0606E+08  4.9678E-23  5.3339E-23  6.4310E-23 
   3.1246E+08  5.0181E-23  5.3863E-23  6.4897E-23 
   3.1900E+08  5.0690E-23  5.4394E-23  6.5492E-23 
   3.2568E+08  5.1205E-23  5.4931E-23  6.6096E-23 
   3.3250E+08  5.1726E-23  5.5475E-23  6.6708E-23 
   3.3946E+08  5.2253E-23  5.6025E-23  6.7328E-23 
   3.4656E+08  5.2786E-23  5.6583E-23  6.7957E-23 
   3.5382E+08  5.3326E-23  5.7147E-23  6.8595E-23 
   3.6123E+08  5.3872E-23  5.7718E-23  6.9241E-23 
   3.6879E+08  5.4425E-23  5.8296E-23  6.9896E-23 
   3.7651E+08  5.4984E-23  5.8882E-23  7.0559E-23 
   3.8439E+08  5.5550E-23  5.9474E-23  7.1232E-23 
   3.9244E+08  5.6123E-23  6.0074E-23  7.1914E-23 
   4.0065E+08  5.6703E-23  6.0683E-23  7.2608E-23 
   4.0904E+08  5.7289E-23  6.1298E-23  7.3306E-23 
   4.1760E+08  5.7883E-23  6.1920E-23  7.4015E-23 
   4.2634E+08  5.8484E-23  6.2551E-23  7.4733E-23 
   4.3527E+08  5.9093E-23  6.3189E-23  7.5460E-23 
   4.4438E+08  5.9709E-23  6.3836E-23  7.6198E-23 
   4.5368E+08  6.0333E-23  6.4490E-23  7.6946E-23 
   4.6318E+08  6.0964E-23  6.5154E-23  7.7704E-23 
   4.7287E+08  6.1604E-23  6.5825E-23  7.8473E-23 
   4.8277E+08  6.2251E-23  6.6506E-23  7.9252E-23 
   4.9288E+08  6.2907E-23  6.7195E-23  8.0041E-23 
   5.0320E+08  6.3571E-23  6.7893E-23  8.0841E-23 
   5.1373E+08  6.4244E-23  6.8601E-23  8.1652E-23 
   5.2448E+08  6.4925E-23  6.9317E-23  8.2475E-23 
   5.3546E+08  6.5615E-23  7.0043E-23  8.3308E-23 
   5.4667E+08  6.6314E-23  7.0779E-23  8.4153E-23 
   5.5812E+08  6.7022E-23  7.1524E-23  8.5009E-23 
   5.6980E+08  6.7740E-23  7.2279E-23  8.5877E-23 
   5.8173E+08  6.8467E-23  7.3044E-23  8.6757E-23 
   5.9390E+08  6.9203E-23  7.3820E-23  8.7650E-23 
   6.0634E+08  6.9950E-23  7.4606E-23  8.8554E-23 
   6.1903E+08  7.0706E-23  7.5402E-23  8.9471E-23 
   6.3199E+08  7.1473E-23  7.6210E-23  9.0401E-23 
   6.4522E+08  7.2250E-23  7.7028E-23  9.1343E-23 
   6.5872E+08  7.3038E-23  7.7858E-23  9.2299E-23 
   6.7251E+08  7.3836E-23  7.8700E-23  9.3269E-23 
   6.8659E+08  7.4646E-23  7.9553E-23  9.4251E-23 
   7.0096E+08  7.5467E-23  8.0418E-23  9.5248E-23 
   7.1564E+08  7.6300E-23  8.1295E-23  9.6259E-23 
   7.3062E+08  7.7144E-23  8.2185E-23  9.7285E-23 
   7.4591E+08  7.8001E-23  8.3088E-23  9.8325E-23 
   7.6153E+08  7.8870E-23  8.4003E-23  9.9380E-23 
   7.7747E+08  7.9752E-23  8.4932E-23  1.0045E-22 
   7.9374E+08  8.0646E-23  8.5875E-23  1.0154E-22 
   8.1036E+08  8.1554E-23  8.6831E-23  1.0264E-22 
   8.2732E+08  8.2475E-23  8.7802E-23  1.0376E-22 
   8.4464E+08  8.3410E-23  8.8787E-23  1.0489E-22 
   8.6232E+08  8.4359E-23  8.9787E-23  1.0604E-22 
   8.8037E+08  8.5323E-23  9.0802E-23  1.0721E-22 
   8.9880E+08  8.6302E-23  9.1832E-23  1.0840E-22 
   9.1761E+08  8.7295E-23  9.2879E-23  1.0960E-22 
   9.3682E+08  8.8305E-23  9.3942E-23  1.1083E-22 
   9.5643E+08  8.9330E-23  9.5021E-23  1.1207E-22 
   9.7646E+08  9.0372E-23  9.6118E-23  1.1333E-22 
   9.9690E+08  9.1430E-23  9.7232E-23  1.1461E-22 
   1.0178E+09  9.2505E-23  9.8365E-23  1.1591E-22 
   1.0391E+09  9.3599E-23  9.9515E-23  1.1724E-22 
   1.0608E+09  9.4710E-23  1.0068E-22  1.1858E-22 
   1.0830E+09  9.5840E-23  1.0187E-22  1.1995E-22 
   1.1057E+09  9.6989E-23  1.0308E-22  1.2133E-22 
   1.1288E+09  9.8157E-23  1.0431E-22  1.2274E-22 
   1.1525E+09  9.9346E-23  1.0556E-22  1.2418E-22 
   1.1766E+09  1.0056E-22  1.0683E-22  1.2563E-22 
   1.2012E+09  1.0179E-22  1.0813E-22  1.2712E-22 
   1.2264E+09  1.0304E-22  1.0944E-22  1.2862E-22 
   1.2520E+09  1.0431E-22  1.1078E-22  1.3016E-22 
   1.2783E+09  1.0561E-22  1.1215E-22  1.3172E-22 
   1.3050E+09  1.0693E-22  1.1353E-22  1.3330E-22 
   1.3323E+09  1.0828E-22  1.1495E-22  1.3492E-22 
   1.3602E+09  1.0965E-22  1.1639E-22  1.3656E-22 
   1.3887E+09  1.1105E-22  1.1785E-22  1.3824E-22 
   1.4178E+09  1.1247E-22  1.1935E-22  1.3994E-22 
   1.4474E+09  1.1392E-22  1.2087E-22  1.4168E-22 
   1.4777E+09  1.1540E-22  1.2242E-22  1.4344E-22 
   1.5087E+09  1.1691E-22  1.2400E-22  1.4525E-22 
   1.5403E+09  1.1845E-22  1.2561E-22  1.4708E-22 
   1.5725E+09  1.2002E-22  1.2726E-22  1.4895E-22 
   1.6054E+09  1.2162E-22  1.2894E-22  1.5086E-22 
   1.6390E+09  1.2325E-22  1.3065E-22  1.5280E-22 
   1.6733E+09  1.2492E-22  1.3239E-22  1.5478E-22 
   1.7084E+09  1.2662E-22  1.3418E-22  1.5680E-22 
   1.7441E+09  1.2836E-22  1.3599E-22  1.5886E-22 
   1.7806E+09  1.3014E-22  1.3785E-22  1.6096E-22 
   1.8179E+09  1.3195E-22  1.3975E-22  1.6311E-22 
   1.8560E+09  1.3380E-22  1.4169E-22  1.6530E-22 
   1.8948E+09  1.3570E-22  1.4367E-22  1.6754E-22 
   1.9345E+09  1.3764E-22  1.4569E-22  1.6982E-22 
   1.9750E+09  1.3962E-22  1.4776E-22  1.7215E-22 
   2.0163E+09  1.4164E-22  1.4988E-22  1.7453E-22 
   2.0585E+09  1.4372E-22  1.5204E-22  1.7697E-22 
   2.1016E+09  1.4584E-22  1.5425E-22  1.7946E-22 
   2.1456E+09  1.4801E-22  1.5652E-22  1.8200E-22 
   2.1905E+09  1.5023E-22  1.5884E-22  1.8460E-22 
   2.2364E+09  1.5251E-22  1.6121E-22  1.8726E-22 
   2.2832E+09  1.5484E-22  1.6364E-22  1.8998E-22 
   2.3310E+09  1.5723E-22  1.6612E-22  1.9276E-22 
   2.3798E+09  1.5967E-22  1.6867E-22  1.9561E-22 
   2.4296E+09  1.6218E-22  1.7128E-22  1.9853E-22 
   2.4805E+09  1.6476E-22  1.7396E-22  2.0152E-22 
   2.5324E+09  1.6739E-22  1.7670E-22  2.0457E-22 
   2.5854E+09  1.7010E-22  1.7952E-22  2.0771E-22 
   2.6395E+09  1.7288E-22  1.8240E-22  2.1092E-22 
   2.6948E+09  1.7572E-22  1.8536E-22  2.1421E-22 
   2.7512E+09  1.7865E-22  1.8840E-22  2.1758E-22 
   2.8088E+09  1.8165E-22  1.9151E-22  2.2104E-22 
   2.8676E+09  1.8474E-22  1.9471E-22  2.2459E-22 
   2.9276E+09  1.8790E-22  1.9800E-22  2.2823E-22 
   2.9889E+09  1.9116E-22  2.0138E-22  2.3196E-22 
   3.0515E+09  1.9450E-22  2.0484E-22  2.3580E-22 
   3.1153E+09  1.9794E-22  2.0841E-22  2.3973E-22 
   3.1805E+09  2.0148E-22  2.1207E-22  2.4377E-22 
   3.2471E+09  2.0512E-22  2.1584E-22  2.4792E-22 
   3.3151E+09  2.0886E-22  2.1971E-22  2.5219E-22 
   3.3845E+09  2.1271E-22  2.2369E-22  2.5657E-22 
   3.4553E+09  2.1667E-22  2.2779E-22  2.6107E-22 
   3.5277E+09  2.2075E-22  2.3201E-22  2.6570E-22 
   3.6015E+09  2.2495E-22  2.3635E-22  2.7046E-22 
   3.6769E+09  2.2928E-22  2.4082E-22  2.7536E-22 
   3.7539E+09  2.3374E-22  2.4542E-22  2.8040E-22 
   3.8325E+09  2.3833E-22  2.5016E-22  2.8559E-22 
   3.9127E+09  2.4306E-22  2.5505E-22  2.9093E-22 
   3.9946E+09  2.4794E-22  2.6008E-22  2.9642E-22 
   4.0782E+09  2.5297E-22  2.6527E-22  3.0208E-22 
   4.1636E+09  2.5816E-22  2.7062E-22  3.0791E-22 
   4.2507E+09  2.6352E-22  2.7614E-22  3.1392E-22 
   4.3397E+09  2.6904E-22  2.8183E-22  3.2011E-22 
   4.4306E+09  2.7474E-22  2.8770E-22  3.2649E-22 
   4.5233E+09  2.8062E-22  2.9376E-22  3.3307E-22 
   4.6180E+09  2.8670E-22  3.0001E-22  3.3985E-22 
   4.7147E+09  2.9297E-22  3.0647E-22  3.4685E-22 
   4.8134E+09  2.9945E-22  3.1313E-22  3.5407E-22 
   4.9141E+09  3.0615E-22  3.2002E-22  3.6151E-22 
   5.0170E+09  3.1306E-22  3.2713E-22  3.6920E-22 
   5.1220E+09  3.2021E-22  3.3447E-22  3.7714E-22 
   5.2292E+09  3.2760E-22  3.4206E-22  3.8533E-22 
   5.3387E+09  3.3524E-22  3.4991E-22  3.9379E-22 
   5.4505E+09  3.4314E-22  3.5802E-22  4.0253E-22 
   5.5646E+09  3.5131E-22  3.6640E-22  4.1156E-22 
   5.6810E+09  3.5976E-22  3.7508E-22  4.2089E-22 
   5.8000E+09  3.6850E-22  3.8405E-22  4.3054E-22 
   5.9214E+09  3.7755E-22  3.9332E-22  4.4051E-22 
   6.0453E+09  3.8691E-22  4.0293E-22  4.5082E-22 
   6.1719E+09  3.9661E-22  4.1286E-22  4.6148E-22 
   6.3011E+09  4.0664E-22  4.2315E-22  4.7250E-22 
   6.4330E+09  4.1704E-22  4.3379E-22  4.8391E-22 
   6.5676E+09  4.2780E-22  4.4482E-22  4.9571E-22 
   6.7051E+09  4.3895E-22  4.5624E-22  5.0792E-22 
   6.8455E+09  4.5050E-22  4.6806E-22  5.2057E-22 
   6.9888E+09  4.6247E-22  4.8031E-22  5.3365E-22 
   7.1351E+09  4.7487E-22  4.9300E-22  5.4720E-22 
   7.2844E+09  4.8772E-22  5.0615E-22  5.6123E-22 
   7.4369E+09  5.0105E-22  5.1978E-22  5.7577E-22 
   7.5926E+09  5.1486E-22  5.3390E-22  5.9082E-22 
   7.7515E+09  5.2919E-22  5.4855E-22  6.0642E-22 
   7.9138E+09  5.4404E-22  5.6373E-22  6.2258E-22 
   8.0795E+09  5.5945E-22  5.7947E-22  6.3933E-22 
   8.2486E+09  5.7543E-22  5.9580E-22  6.5669E-22 
   8.4213E+09  5.9201E-22  6.1274E-22  6.7469E-22 
   8.5976E+09  6.0921E-22  6.3030E-22  6.9335E-22 
   8.7775E+09  6.2706E-22  6.4853E-22  7.1269E-22 
   8.9613E+09  6.4558E-22  6.6744E-22  7.3276E-22 
   9.1489E+09  6.6481E-22  6.8707E-22  7.5357E-22 
   9.3404E+09  6.8477E-22  7.0744E-22  7.7516E-22 
   9.5359E+09  7.0549E-22  7.2858E-22  7.9756E-22 
   9.7355E+09  7.2700E-22  7.5053E-22  8.2080E-22 
